
 Report for GNN_IAC
--------------------------------------------------

Ensemble GNN statistics
----------------------------------------
Train/Valid points: 2140
Test  points      : 535

Training/Validation set
------------------------------
MAE  :2.648065940103375
SDEP :24.80838113643755
MSE  :622.4680278338859
RMSE :24.9493091654636
R2   :0.93450849946702
MAPE :9.017902658997539

Test set
------------------------------
MAE  :1.9365177482454579
SDEP :10.058122987461072
MSE  :104.91593902016251
RMSE :10.242848188866342
R2   :0.965489071647581
MAPE :12.539900952509075

Complete set
------------------------------
MAE  :2.454793704449258
SDEP :22.407684838459765
MSE  :508.1303519511434
RMSE :22.54174686999975
R2   :0.9368747833518567
MAPE :9.631183375887668