
 Report for GNN_IAC
--------------------------------------------------

Ensemble GNN statistics
----------------------------------------
Train/Valid points: 1222
Test  points      : 306

Training/Validation set
------------------------------
MAE  :5.13389986409194
SDEP :31.535619665501844
MSE  :1020.8522355017099
RMSE :31.95077832387984
R2   :0.9138214635836149
MAPE :19.129161184922243

Test set
------------------------------
MAE  :10.048698002514557
SDEP :57.554005208876326
MSE  :3413.4398471291024
RMSE :58.424651022741266
R2   :0.7685923596019977
MAPE :33.343975326682944

Complete set
------------------------------
MAE  :6.08787577410718
SDEP :38.14608437349581
MSE  :1492.1859844708222
RMSE :38.62882323435212
R2   :0.8793219220041277
MAPE :21.89613644467821