
 Report for GNN_IAC
--------------------------------------------------

Ensemble GNN statistics
----------------------------------------
Train/Valid points: 1036
Test  points      : 260

Training/Validation set
------------------------------
MAE  :1.7461470644537738
SDEP :6.980254316176147
MSE  :51.772979889196264
RMSE :7.195344320405818
R2   :0.8414698490512786
MAPE :16.69326922173605

Test set
------------------------------
MAE  :2.2832703621776065
SDEP :9.370136140515779
MSE  :93.01277483859859
RMSE :9.644313082775703
R2   :0.7681392612117197
MAPE :19.515751166700383

Complete set
------------------------------
MAE  :1.8539032815897276
SDEP :7.523924385926308
MSE  :60.04639554262574
RMSE :7.748960933094562
R2   :0.8241940240622874
MAPE :17.259507883534447