
 Report for GNN_IAC
--------------------------------------------------

Ensemble GNN statistics
----------------------------------------
Train/Valid points: 2098
Test  points      : 530

Training/Validation set
------------------------------
MAE  :4.438874289134418
SDEP :46.594062258195926
MSE  :2190.7102426753772
RMSE :46.805023690575965
R2   :0.7673988709322517
MAPE :14.587327217228083

Test set
------------------------------
MAE  :7.1094509574290266
SDEP :44.87947949292602
MSE  :2064.711972472056
RMSE :45.43910180089453
R2   :0.48464216181898445
MAPE :25.17710285331225

Complete set
------------------------------
MAE  :4.925666680650574
SDEP :46.0240217531603
MSE  :2142.472770584244
RMSE :46.28685310738076
R2   :0.7400677185461552
MAPE :16.6090186829407