
 Report for GNN_IAC
--------------------------------------------------

Ensemble GNN statistics
----------------------------------------
Train/Valid points: 2085
Test  points      : 521

Training/Validation set
------------------------------
MAE  :4.549478165064015
SDEP :49.76387145609481
MSE  :2497.140653873122
RMSE :49.97139835819208
R2   :0.7364534685257631
MAPE :14.21085265199753

Test set
------------------------------
MAE  :6.939893809916762
SDEP :42.07683250017508
MSE  :1818.6219593407109
RMSE :42.645304071382945
R2   :0.5532668794944964
MAPE :24.682490735469937

Complete set
------------------------------
MAE  :4.933811928870152
SDEP :47.88205149861041
MSE  :2317.0333558650414
RMSE :48.1355726658055
R2   :0.7188894184963568
MAPE :16.095980445472186