
 Report for GNN_IAC
--------------------------------------------------

Ensemble GNN statistics
----------------------------------------
Train/Valid points: 2185
Test  points      : 547

Training/Validation set
------------------------------
MAE  :4.002698644038636
SDEP :27.341396629751916
MSE  :763.5735661003979
RMSE :27.632834926955972
R2   :0.918034436943504
MAPE :12.735349829590964

Test set
------------------------------
MAE  :2.4588673806263546
SDEP :11.071191122354048
MSE  :128.61730166319936
RMSE :11.340956823090341
R2   :0.956808192120749
MAPE :17.80992575270219

Complete set
------------------------------
MAE  :3.6935933361738784
SDEP :24.955965876174318
MSE  :636.4428645458052
RMSE :25.227819258624102
R2   :0.9209344736948881
MAPE :13.75137948915972