
 Report for GNN_IAC
--------------------------------------------------

Ensemble GNN statistics
----------------------------------------
Train/Valid points: 1228
Test  points      : 308

Training/Validation set
------------------------------
MAE  :4.706156551207174
SDEP :39.21332173104014
MSE  :1559.8325106665354
RMSE :39.49471497132921
R2   :0.8676995214578223
MAPE :13.792648569699791

Test set
------------------------------
MAE  :6.6447239765340855
SDEP :44.04904679595435
MSE  :1984.4708803565024
RMSE :44.54740037708713
R2   :0.8646041037839202
MAPE :20.69685839784276

Complete set
------------------------------
MAE  :5.094879706806581
SDEP :40.23709173381254
MSE  :1644.9813504220756
RMSE :40.55836967164824
R2   :0.866964849037642
MAPE :15.17708647794721