
 Report for GNN_IAC
--------------------------------------------------
----------------------------------------
Train points: 2023
Valid points: 225
Test  points: 562

Average GNN statistics
----------------------------------------

Training set
------------------------------
MAE  :4.067885551868534  +/- 0.5704180168571006
SDEP :31.05662797297867  +/- 9.825653839971505
MSE  :1077.9306840120037  +/- 757.2878552930127
RMSE :31.329140117859286  +/- 9.819147798436667
R2   :0.8802335299235318  +/- 0.08123355612346365
MAPE :13.797240157497955  +/- 0.5167296264318652

Validation set
------------------------------
MAE  :3.830698241662681  +/- 1.5888276748736685
SDEP :20.311703546668934  +/- 11.898827904096079
MSE  :571.3460288581807  +/- 573.5581814896792
RMSE :20.697854167288273  +/- 11.955955073847026
R2   :0.8925407186165427  +/- 0.09128307060485702
MAPE :18.64662575143371  +/- 2.691464313696663

Test set
------------------------------
MAE  :4.2552181868371814  +/- 0.5960780352697033
SDEP :29.601254496104385  +/- 6.224037506364078
MSE  :933.4351014654877  +/- 419.0749684293679
RMSE :29.907963567904563  +/- 6.2408987082295155
R2   :0.7751833438948297  +/- 0.10093367274463243
MAPE :25.267931907457577  +/- 1.139475713825586

Complete set
------------------------------
MAE  :4.086360212386706  +/- 0.491641148499889
SDEP :30.37052375945759  +/- 8.316247652336914
MSE  :1008.4687392430527  +/- 610.8442388008074
RMSE :30.649759318029396  +/- 8.31029439851098
R2   :0.8712726855844602  +/- 0.07797201373445961
MAPE :16.479674507004304  +/- 0.6083871031901181