
 Report for GNN_IAC
--------------------------------------------------

Ensemble GNN statistics
----------------------------------------
Train/Valid points: 2248
Test  points      : 562

Training/Validation set
------------------------------
MAE  :3.4848301934266073
SDEP :25.78824703141743
MSE  :677.1777264304278
RMSE :26.022638729199386
R2   :0.9226349133226512
MAPE :12.19200439878894

Test set
------------------------------
MAE  :3.911412379513344
SDEP :26.728159999043083
MSE  :729.6936837370571
RMSE :27.01284294066541
R2   :0.8242542050312062
MAPE :22.65814549588317

Complete set
------------------------------
MAE  :3.570146630643954
SDEP :25.979510598305257
MSE  :687.6809178917537
RMSE :26.223670946146225
R2   :0.9122200676230545
MAPE :14.285232618207786