
 Report for GNN_IAC
--------------------------------------------------

Ensemble GNN statistics
----------------------------------------
Train/Valid points: 2124
Test  points      : 532

Training/Validation set
------------------------------
MAE  :2.9500526222431223
SDEP :18.96234243639909
MSE  :368.2732411492654
RMSE :19.190446611511298
R2   :0.960429282397472
MAPE :12.158122587620792

Test set
------------------------------
MAE  :3.80776924523388
SDEP :26.179881985263766
MSE  :699.885327387287
RMSE :26.45534591320414
R2   :0.8246905601614788
MAPE :18.958231044444503

Complete set
------------------------------
MAE  :3.121854295221693
SDEP :20.614304919515988
MSE  :434.69554155537526
RMSE :20.849353504494456
R2   :0.9472612182494665
MAPE :13.520192504424337