
 Report for GNN_IAC
--------------------------------------------------

Ensemble GNN statistics
----------------------------------------
Train/Valid points: 995
Test  points      : 249

Training/Validation set
------------------------------
MAE  :3.261602870634464
SDEP :24.132074019176255
MSE  :592.9950497527326
RMSE :24.35148968241435
R2   :0.9264604695839473
MAPE :12.309305829108823

Test set
------------------------------
MAE  :4.555947742721022
SDEP :29.715110232058
MSE  :903.7444359377627
RMSE :30.062342489196723
R2   :0.9628388912586484
MAPE :19.311778266716367

Complete set
------------------------------
MAE  :3.520679939082658
SDEP :25.353494817572376
MSE  :655.1948866981286
RMSE :25.596774927676506
R2   :0.942140423785815
MAPE :13.710926116057601