
 Report for GNN_IAC
--------------------------------------------------

Ensemble GNN statistics
----------------------------------------
Train/Valid points: 2124
Test  points      : 532

Training/Validation set
------------------------------
MAE  :2.9876416713342784
SDEP :19.885358370558276
MSE  :404.3534802818253
RMSE :20.108542470348898
R2   :0.956552484427327
MAPE :12.223251628399364

Test set
------------------------------
MAE  :3.9724925607520745
SDEP :27.266813461829962
MSE  :759.2598135074624
RMSE :27.554669540886575
R2   :0.8098182553779436
MAPE :18.934641691203073

Complete set
------------------------------
MAE  :3.184908491052
SDEP :21.570767356043156
MSE  :475.4416464249123
RMSE :21.80462442751336
R2   :0.9423177584564124
MAPE :13.56755114399107