
 Report for GNN_IAC
--------------------------------------------------

Ensemble GNN statistics
----------------------------------------
Train/Valid points: 991
Test  points      : 249

Training/Validation set
------------------------------
MAE  :2.351946545948668
SDEP :20.47824676128864
MSE  :424.89024297122893
RMSE :20.612865957242068
R2   :0.947511735464286
MAPE :12.518317733412617

Test set
------------------------------
MAE  :5.879548049431011
SDEP :62.3633009011243
MSE  :3923.7503845497395
RMSE :62.6398466197814
R2   :0.8386591287138898
MAPE :12.961766458443424

Complete set
------------------------------
MAE  :3.050750908351928
SDEP :33.38489995235655
MSE  :1123.8586259336662
RMSE :33.524000744745045
R2   :0.9007532184066969
MAPE :12.591699620217456