
 Report for GNN_IAC
--------------------------------------------------

Ensemble GNN statistics
----------------------------------------
Train/Valid points: 1025
Test  points      : 255

Training/Validation set
------------------------------
MAE  :2.8078292849997357
SDEP :48.95802994871257
MSE  :2404.7726017527393
RMSE :49.03848082631373
R2   :-6.300066074686193
MAPE :12.312769144305056

Test set
------------------------------
MAE  :1.1623161492617686
SDEP :3.7345184878740665
MSE  :15.29760716710791
RMSE :3.9112155613195125
R2   :0.962490674119502
MAPE :11.989507236246219

Complete set
------------------------------
MAE  :2.4503165685809507
SDEP :43.576700181705675
MSE  :1904.9328500125305
RMSE :43.64553642713686
R2   :-4.577330258808351
MAPE :12.17840142492687