
 Report for GNN_IAC
--------------------------------------------------

Ensemble GNN statistics
----------------------------------------
Train/Valid points: 1262
Test  points      : 313

Training/Validation set
------------------------------
MAE  :4.189176567321166
SDEP :38.50888642673119
MSE  :1500.4835341390738
RMSE :38.736075357979594
R2   :0.867911640685005
MAPE :11.674053164351788

Test set
------------------------------
MAE  :9.737634504552393
SDEP :90.60363451052622
MSE  :8303.840112261269
RMSE :91.12540870833594
R2   :0.4437477159350385
MAPE :16.11391820951792

Complete set
------------------------------
MAE  :5.276260234773181
SDEP :53.06270853452203
MSE  :2843.489959084686
RMSE :53.324384282283894
R2   :0.7636837175205102
MAPE :12.710822075520209