
 Report for GNN_IAC
--------------------------------------------------

Ensemble GNN statistics
----------------------------------------
Train/Valid points: 2133
Test  points      : 534

Training/Validation set
------------------------------
MAE  :2.707816743565935
SDEP :17.746086769318765
MSE  :322.25586714092657
RMSE :17.951486488336464
R2   :0.959902982328162
MAPE :12.163431498814171

Test set
------------------------------
MAE  :4.222703166169693
SDEP :24.95146820989422
MSE  :640.4069878589412
RMSE :25.30626380679181
R2   :0.9248404441302951
MAPE :15.631468802530271

Complete set
------------------------------
MAE  :3.0111348349309175
SDEP :19.413673875536148
MSE  :385.9576663398091
RMSE :19.64580531156229
R2   :0.9525503263786949
MAPE :12.857819170424367