
 Report for GNN_IAC
--------------------------------------------------

Ensemble GNN statistics
----------------------------------------
Train/Valid points: 2088
Test  points      : 526

Training/Validation set
------------------------------
MAE  :5.545729995729881
SDEP :74.46140018880236
MSE  :5575.255239262514
RMSE :74.6676318043
R2   :0.3204172564727539
MAPE :17.41556035518153

Test set
------------------------------
MAE  :6.8095300350881445
SDEP :88.46340720239425
MSE  :7872.144113155387
RMSE :88.72510418790945
R2   :0.08942412992060877
MAPE :18.44922874476194

Complete set
------------------------------
MAE  :5.6861456841929385
SDEP :76.71462385025228
MSE  :5917.46576522756
RMSE :76.92506590980315
R2   :0.2725061743479258
MAPE :17.425309361620783