
 Report for GNN_IAC
--------------------------------------------------

Ensemble GNN statistics
----------------------------------------
Train/Valid points: 1264
Test  points      : 316

Training/Validation set
------------------------------
MAE  :4.273969319290659
SDEP :30.6496156518646
MSE  :957.6657533492615
RMSE :30.946175100475042
R2   :0.9155669887287419
MAPE :13.541586517799253

Test set
------------------------------
MAE  :5.569815630424825
SDEP :37.84361626230651
MSE  :1463.1621379656344
RMSE :38.25130243489278
R2   :0.9010785248078663
MAPE :19.14136294942675

Complete set
------------------------------
MAE  :4.533138581517491
SDEP :32.22135448539204
MSE  :1058.765030272536
RMSE :32.53866976802426
R2   :0.9120083349779684
MAPE :14.661541804124752